img = '/home/brito/Documentos/Dev/tcc/img/f1.jpeg'
rect = (430, 196, 800, 310)
[13.28, 2.84]

42 63 15
94 108 57

f1
(430, 196, 800, 310)
f2
(80,99,1172,565)
f3
(145,125,771,384)
f4
(51,4,1166,689)
f5
(125,118,1126,431)
f6
(125,89,1043,442)
f7
(117,31,1122,632)
f8
(91,35,1125,627)
f9
(93,37,1179,545)
f10
(419,225,588,283)
f11
(323,209,601,232)
f12
(201, 92, 844, 478)
f13
(180, 72, 881, 409)
f14
(129, 87, 1534, 565)
f15
(413, 196, 632, 261)
f16
(212, 176, 943, 414)
f17
(94, 34, 1156, 534)
f18
(121, 90, 1004, 440)
f19
(443, 193, 734, 349)
f20
(158, 32, 1023, 526)